BRCA MISSENSE: 0 significant entries

COAD MISSENSE: 0 significant entries

HNSCC AMPLIFICATION: 13 significant entries
   BRCA1_S1524:9.063120205409659e-05
   BRCA1_S114: 0.0011952545876046015
   TSC2_S1388: 0.0015716185590792457
   IRS1_S374:  0.009320605116527715
   IRS1_S330:  0.009449155442540557
   TSC1_T547:  0.021803125540013082
   RPS6_S235S236:0.02337466220057741
   NFKB1_S924: 0.027837673782375373
   TSC1_S505:  0.027837673782375373
   VTN_T69:    0.03016285857047023
   SPP1_S62:   0.03538318789449317
   TSC2_S1452: 0.04418990279033633
   TSC1_S673:  0.04937712913408345

LSCC AMPLIFICATION: 25 significant entries
   PIK3CD_S1063:3.913770147285653e-05
   PIK3AP1_S718:0.0009447606088755119
   PIK3CG_S974:0.0031327556089687644
   PPP2R5A_S38S41S42:0.005183012747246773
   MAPK3_T202Y204:0.009638457027017254
   TSC1_S515:  0.0132826701461309
   BRCA1_S114: 0.015442436573265954
   CCNE2_S21:  0.01598659741808831
   CDC37_S127: 0.01921987766938516
   ITGB6_S765: 0.019238391733140934
   PTK2_S794:  0.019238391733140934
   CDKN1B_S178:0.019975172119323484
   RPS6_S235S236:0.019975172119323484
   PFN1_S77:   0.019975172119323484
   TSC2_S1411: 0.02394881303111177
   EIF4B_S131: 0.028676604898461678
   PPP2R5D_S88S89:0.03242274740382213
   IL3RA_S348: 0.04205366197984441
   TSC2_S939:  0.04396537530399922
   MYC_S62:    0.04396537530399922
   PRKAA2_S377:0.04396537530399922
   NFKB1_T940S942:0.04773557021665657
   SOS1_S582:  0.04773557021665657
   SOS2_S1315: 0.04773557021665657
   NFKB1_S938: 0.04773557021665657

OV AMPLIFICATION: 0 significant entries

UCEC MISSENSE: 0 significant entries

