BRCA MISSENSE: 3 significant entries
   EFNA1:      0.037255961118627404
   ITGB5:      0.037255961118627404
   MRPS6:      0.037255961118627404

COAD MISSENSE: 1 significant entries
   GNG5:       0.03283491065423805

HNSCC AMPLIFICATION: 30 significant entries
   MFN1:       4.163517260568313e-06
   JAK1:       3.485057297446614e-05
   NTRK2:      0.00039105759279421237
   PIK3CD:     0.00047289843482263756
   PFN1:       0.00047289843482263756
   PIK3CG:     0.0012231465278707589
   COL6A6:     0.001719056031762475
   NFKB1:      0.0022298829881921777
   ITGB7:      0.0022312309893430457
   CDK4:       0.0025716247816565587
   GNG11:      0.002578043070765057
   ITGA8:      0.0031109810358261533
   SERAC1:     0.0031278514978644845
   CDK2:       0.0037609183546627443
   HSP90AA1:   0.0051614206036158395
   FLT1:       0.015929101952821483
   GNG2:       0.0189100419112033
   CHRAC1:     0.0189100419112033
   VEGFB:      0.019005390452918245
   ITGA2:      0.019005390452918245
   ITGA4:      0.019005390452918245
   ITGA6:      0.019005390452918245
   ITGB8:      0.019005390452918245
   IKBKG:      0.02237712597204712
   GNG4:       0.022987528795553783
   IL3RA:      0.022987528795553783
   PDGFRA:     0.032031157711819615
   CSF1:       0.03611880599879295
   EFNA1:      0.03912648442928407
   EGFR:       0.03912648442928407

LSCC AMPLIFICATION: 65 significant entries
   ITGA4:      2.8214552959982166e-05
   JAK1:       0.00015552461887300692
   NFKB1:      0.00015552461887300692
   VWF:        0.00015552461887300692
   PIK3CD:     0.00015552461887300692
   PFN1:       0.00041617820529049566
   MFN1:       0.0004479601110165322
   GNG2:       0.0004479601110165322
   VEGFC:      0.0005030511117771746
   TRAF1:      0.001139386037252312
   TLR2:       0.001139386037252312
   HGF:        0.0014307632635921176
   JAK3:       0.0015779590730917545
   PIK3R5:     0.0022115947358610413
   MAPK3:      0.0023023195656303587
   JAK2:       0.0025512665573837762
   PRKCA:      0.0025512665573837762
   COL6A6:     0.0028351629173665677
   PKN1:       0.003863081903843253
   PTEN:       0.004219169108505637
   ITGA8:      0.004219169108505637
   COL6A3:     0.004219169108505637
   ITGB6:      0.004504648707384969
   ITGA1:      0.006522925777926464
   TSC2:       0.006724611962179957
   CDK2:       0.010116193698102429
   ITGA7:      0.01030987846637059
   MRPS6:      0.010310501150306139
   TNXB:       0.011815848327998793
   HSP90AB1:   0.011815848327998793
   GNG7:       0.01238824212445473
   BRCA1:      0.012870472482463235
   ITGB7:      0.012870472482463235
   TCL1A:      0.012870472482463235
   LPAR2:      0.012870472482463235
   MYC:        0.012870472482463235
   NOS3:       0.012870472482463235
   CD19:       0.012870472482463235
   CHRAC1:     0.012870472482463235
   KDR:        0.014898653379610348
   PIK3R6:     0.016279334335845295
   CSF1R:      0.0179191155345775
   IGF1R:      0.017966190600911924
   IL3RA:      0.017966190600911924
   LAMB2:      0.017966190600911924
   SOS2:       0.018723371471804157
   GSK3B:      0.018853971212177592
   IKBKG:      0.018853971212177592
   GRB2:       0.019330470572015947
   SYK:        0.019330470572015947
   PDGFRB:     0.019330470572015947
   ITGA3:      0.024517048283620415
   IL2RG:      0.02507490047176611
   COL6A2:     0.02507490047176611
   OSMR:       0.032301128083270604
   PIK3R1:     0.03264088361874004
   PRKAA2:     0.03780795197502618
   PHLPP2:     0.03784644549247374
   TSC1:       0.03784644549247374
   NTRK2:      0.03997563741757238
   HSP90AA1:   0.03997563741757238
   PPP2R5B:    0.03997563741757238
   PHLPP1:     0.04007322296660431
   AKT1:       0.04007322296660431
   COL6A1:     0.044760749039404406

OV AMPLIFICATION: 0 significant entries

UCEC MISSENSE: 0 significant entries

