BRCA DELETION: 0 significant entries

COAD DELETION: 20 significant entries
   DDB2_S26:   0.0004858917676555191
   PLA2G4A_S437:0.0007096600290621835
   TGFBR2_S553:0.0007096600290621835
   PLA2G4A_S454:0.006559210741678305
   MAP3K6_S964:0.006742068466997886
   APC_T1438:  0.0075501877833470624
   MAP3K5_S1033:0.007687347727802371
   PRKDC_S3205:0.009578122380362477
   APC_S2260:  0.012418145564498922
   MRE11_S649: 0.013034857895490668
   CTNND1_S244:0.028940879546233637
   MAP3K1_S252:0.028940879546233637
   MCM2_S27:   0.031320772155758056
   JUN_S63:    0.031320772155758056
   MCM6_S762:  0.03650424912365486
   APC_S2674:  0.03690579271598391
   SNRPA1_S197:0.03846158245630423
   ATF2_S90:   0.040835803396748145
   CDKN1A_S130:0.040835803396748145
   ATR_S435:   0.040835803396748145

HNSCC TRUNCATION: 0 significant entries

HNSCC MISSENSE: 0 significant entries

LSCC DELETION: 23 significant entries
   MAP3K8_S141:0.016670230192942646
   WEE1_S165T173:0.016670230192942646
   NFKB1_S938: 0.016670230192942646
   STK4_S414:  0.016670230192942646
   CD44_S305:  0.016670230192942646
   RAPGEF2_S1177:0.016670230192942646
   RACGAP1_T342:0.016670230192942646
   CCNE2_S21:  0.017813999710439676
   MEF2C_T404: 0.017813999710439676
   RAPGEF2_S1115:0.017813999710439676
   MAP4K1_S326:0.01990287045210953
   RASGRP2_S587:0.01990287045210953
   PRKACB_S34: 0.01990287045210953
   WEE1_S150:  0.01990287045210953
   MEF2C_S222: 0.026758058357271738
   TGFBR2_S548:0.03479283170850849
   RASGRP2_S116S117:0.03680332689970256
   RASGRP2_S576:0.03814482511171381
   MCM3_S672T674S681:0.03814482511171381
   CD44_S316:  0.03814482511171381
   BRCA1_S114: 0.04046563365355712
   PPP3CB_S478:0.04636457979811457
   NFATC3_S344:0.04636457979811457

LSCC MISSENSE: 0 significant entries

LUAD DELETION: 0 significant entries

LUAD MISSENSE: 0 significant entries

OV DELETION: 0 significant entries

OV MISSENSE: 0 significant entries

PDAC DELETION: 35 significant entries
   WEE1_S165T173:0.00037602269065389193
   ADARB1_S26: 0.0015559413753943852
   PRKCQ_S695: 0.010471705557330874
   PRKCQ_T538: 0.012209005472106663
   CTNND1_S268S269:0.012209005472106663
   NBN_S347:   0.018320006120164104
   NFATC3_S248:0.01942732686204974
   STK4_S410:  0.01942732686204974
   MAP3K5_S958:0.01942732686204974
   SMC1A_S957: 0.01942732686204974
   GSK3B_T390: 0.019912146317454464
   RPS6KA4_T687:0.023699481456169232
   PAK1_T212:  0.023699481456169232
   MEF2C_S98S106S110:0.023699481456169232
   CTNND1_S230:0.023699481456169232
   MAP2K4_S394:0.023699481456169232
   DAXX_S737S739:0.025164497105417214
   ARAF_S257:  0.026598942966665942
   PPP3CA_S417:0.027693988494226603
   SMC1A_S358S360:0.033840330365628044
   ARAF_T253S257:0.033840330365628044
   PAK1_T214:  0.033840330365628044
   DDB2_S24S26:0.033840330365628044
   APC_S130:   0.039293149343264056
   PRKCI_T564: 0.039293149343264056
   RAPGEF2_S1271S1275:0.039293149343264056
   CTNND1_S288:0.039293149343264056
   MAPK11_S271:0.04186079002193022
   WEE1_S150:  0.04186079002193022
   PPP2R5E_S32S33S34:0.04186079002193022
   CTNNB1_S675:0.04186079002193022
   CRK_Y251:   0.04186079002193022
   MAP3K2_S164:0.04186079002193022
   PPP3CB_S478:0.04186079002193022
   BRCA1_S114: 0.04186079002193022

PDAC MISSENSE: 5 significant entries
   MAPK11_S271:0.021866823915565776
   APC_S2449:  0.021866823915565776
   TAOK1_S965: 0.021866823915565776
   LRRK2_S910: 0.03007681517083176
   APC_S2569:  0.03007681517083176

