GBM AMPLIFICATION: 2 significant entries
   EGFR_Y1172: 0.03578670927251121
   EGFR_Y1197: 0.042865502866777115

GBM MISSENSE: 0 significant entries

HNSCC AMPLIFICATION: 20 significant entries
   EGFR_S1166: 9.165016917146911e-06
   EGFR_T693:  0.00010200609779843618
   EGFR_S1166Y1172:0.00010200609779843618
   EGFR_S1042S1045:0.00010200609779843618
   EGFR_Y1197: 0.00012953346092259144
   EGFR_S991:  0.00035784339502431935
   EGFR_S1064: 0.00038053732566349825
   EGFR_S1039: 0.00038929560502811323
   EGFR_Y1110: 0.0007077509119493274
   EGFR_T1041S1042S1045:0.0007077509119493274
   EGFR_Y1092: 0.0009503314130321081
   EGFR_S1071: 0.0009926018454684193
   EGFR_S1026: 0.0015830458173430447
   EGFR_S1039T1041:0.008214722197481867
   EGFR_S1042: 0.01462893533670001
   EGFR_S1057: 0.017799744649091984
   EGFR_T693S695:0.023630646018442628
   EGFR_Y1172: 0.02511491185050779
   EGFR_S1045: 0.041485821665916266
   EGFR_S1037: 0.043289902613383946

HNSCC MISSENSE: 0 significant entries

LSCC AMPLIFICATION: 13 significant entries
   EGFR_Y1197: 6.956995766371177e-05
   EGFR_Y1172: 0.000141446476835722
   EGFR_S991T993:0.0010916907136433863
   EGFR_S991:  0.0016535766711895418
   EGFR_S1042: 0.0016535766711895418
   EGFR_T693:  0.0017922186539705764
   EGFR_S1166Y1172:0.002163090720787444
   EGFR_S1026: 0.003088259876844725
   EGFR_T693S695:0.005252740535697956
   EGFR_S1071: 0.005252740535697956
   EGFR_S1081: 0.007259716476696736
   EGFR_S1166: 0.01585284728654438
   EGFR_S1037: 0.017795356582208394

LSCC MISSENSE: 0 significant entries

LUAD AMPLIFICATION: 4 significant entries
   EGFR_S1064: 0.007613446972561379
   EGFR_Y1197: 0.007613446972561379
   EGFR_S1166: 0.010978721688582238
   EGFR_T693:  0.010978721688582238

LUAD MISSENSE: 6 significant entries
   EGFR_S1064: 0.0013722573535392521
   EGFR_Y1197: 0.0013722573535392521
   EGFR_S1166: 0.002099105496582909
   EGFR_Y1172: 0.005278309327936434
   EGFR_S1039: 0.005495974597994201
   EGFR_T693:  0.007062527653892944

