OV DELETION: 1 significant entries
   PTEN_S294:  0.06814260502567844
   PTEN_S370:  0.02531019554533394
   PTEN_T366:  0.4780263269766938
   PTEN_T366S370:0.5906316981615236

UCEC MISSENSE: 0 significant entries
   PTEN_S294:  0.7855172764912779
   PTEN_S370:  0.1303294524031855
   PTEN_S385:  0.5167319504821928
   PTEN_T383S385:0.8148286376878796

UCEC TRUNCATION: 2 significant entries
   PTEN_S294:  0.03599650533502115
   PTEN_S370:  0.42294076102696887
   PTEN_S385:  0.017784540034712845
   PTEN_T383S385:0.055437404441196596

GBM DELETION: 0 significant entries
   PTEN_S294:  0.09307491976001009
   PTEN_S385:  0.4795800474567089
   PTEN_T383S385:0.34724354986764083

LSCC DELETION: 0 significant entries
   PTEN_S294:  0.09522966411955051
   PTEN_S385:  0.3120447415325142
   PTEN_T383S385:0.9136031536223737

