CCRCC AMPLIFICATION: 1 significant entries
   CLASP1_S253:0.04466333895341628

COAD AMPLIFICATION: 0 significant entries

GBM AMPLIFICATION: 6 significant entries
   REPS2_S544: 0.0010866205324283984
   PRKCD_S304: 0.0034885228293130882
   PTPN11_Y542:0.008271453030058974
   ARHGEF1_S384S388:0.014945079435756917
   INPP5D_S970:0.039471215284809874
   MAP3K2_S297:0.04725223933283343

GBM MISSENSE: 0 significant entries

HNSCC AMPLIFICATION: 6 significant entries
   ARHGEF1_T430:0.0007776291680894129
   INPP5D_S242:0.002849377757861911
   GAB2_T353:  0.003883291586729154
   ARHGEF1_S384S388:0.006602153157426861
   SYNJ1_T1259:0.011799340284647459
   INPP5D_S293:0.040390371424895925

LSCC AMPLIFICATION: 0 significant entries

LUAD AMPLIFICATION: 3 significant entries
   PRKCB_S660: 0.013701066465873829
   MAPK14_T180Y182:0.04005890613211395
   SH3KBP1_Y72:0.04005890613211395

LUAD MISSENSE: 18 significant entries
   PTPN11_Y62: 9.758230054779184e-11
   RICTOR_S1615:0.009868559253893338
   VAV2_S771:  0.010406474913783098
   DNM1_S847:  0.01376583155436446
   MAPK1_T185Y187:0.029186743446789204
   MAP3K2_S514:0.029756872437449625
   MEF2D_S444: 0.04387802382248711
   MAP2K5_S311:0.04685458659475863
   PXN_S250:   0.04685458659475863
   LSP1_S130:  0.04685458659475863
   ABI1_S216:  0.04685458659475863
   MEF2D_S201: 0.04685458659475863
   RICTOR_S1219:0.04685458659475863
   SYNJ1_T1131:0.04685458659475863
   RALBP1_S461:0.04685458659475863
   EPN1_S454T460:0.04685458659475863
   RICTOR_S1144:0.04685458659475863
   BASP1_T36:  0.04796504064698032

