CCRCC AMPLIFICATION: 1 significant entries
   CLASP1_S253:0.044973791526324844

COAD AMPLIFICATION: 0 significant entries

GBM AMPLIFICATION: 3 significant entries
   REPS2_S544: 0.01363794866339804
   PRKCD_S304: 0.04590136106777449
   PTPN11_Y542:0.04590136106777449

HNSCC AMPLIFICATION: 8 significant entries
   ARHGEF1_T430:0.0006059889255250581
   INPP5D_S242:0.0034982220747555534
   GAB2_T353:  0.005227527430723418
   ARHGEF1_S384S388:0.007559971769155625
   SYNJ1_T1259:0.007559971769155625
   SH3KBP1_S146:0.026160921391455327
   INPP5D_S293:0.026160921391455327
   PAK1_S174T185:0.043644365106767925

LSCC AMPLIFICATION: 0 significant entries

LUAD AMPLIFICATION: 3 significant entries
   PRKCB_S660: 0.009537454324481024
   MAPK14_T180Y182:0.03127437507060711
   SH3KBP1_Y72:0.03127437507060711

LUAD MISSENSE: 16 significant entries
   PTPN11_Y62: 1.8909929377908298e-08
   RICTOR_S1615:0.005542136814183261
   MAPK1_T185Y187:0.021549625072647818
   MEF2D_S444: 0.027344361942230135
   MEF2D_S98S110:0.031132694784350858
   RICTOR_S1219:0.03959060424706588
   DNM1_S847:  0.03959060424706588
   RALBP1_S461:0.03959060424706588
   MAP3K2_S514:0.03959060424706588
   VAV2_S771:  0.03959060424706588
   RICTOR_S1144:0.040422181189064474
   PRKCB_S660: 0.044991623250344816
   PXN_S250:   0.044991623250344816
   MAP2K5_S311:0.044991623250344816
   SYNJ1_T1131:0.044991623250344816
   EPN1_S454T460:0.0479377640742898

