CCRCC AMPLIFICATION: 1 significant entries
   RALA:       0.00022096577980834533

COAD AMPLIFICATION: 8 significant entries
   RALA:       0.001519291924158768
   CSK:        0.001519291924158768
   MAP2K1:     0.01047031537966627
   PLCG1:      0.01047031537966627
   ATXN2:      0.02248244374517192
   LSP1:       0.02248244374517192
   USP8:       0.031117510684086008
   LPXN:       0.03593096558139379

GBM AMPLIFICATION: 2 significant entries
   STAT5B:     0.0015981045140388798
   INPP5D:     0.018960364970151636

GBM MISSENSE: 2 significant entries
   GRB2:       0.02749538249856834
   ROCK1:      0.029806563271371093

HNSCC AMPLIFICATION: 29 significant entries
   PRKCB:      6.95240741793722e-05
   MAP4K1:     0.00010441574242363819
   INPP5D:     0.00018331429994143488
   VAV1:       0.00018331429994143488
   DOK2:       0.00023367278809760013
   JAK1:       0.0005443093914678106
   GRB2:       0.0008732495179390675
   CBL:        0.0014400956917186053
   LSP1:       0.003382361036206557
   CSK:        0.003613802673461264
   VAV3:       0.004747079575564176
   LPXN:       0.0049895917426397455
   IQSEC1:     0.0049895917426397455
   MAPK3:      0.005498725353763497
   STAT5A:     0.005817804158312081
   PCNA:       0.008903405199143195
   EPS15:      0.00967978831158575
   PTK2B:      0.00967978831158575
   PIK3R1:     0.013658714164348383
   PRKCD:      0.020223023651159237
   PAK1:       0.024335448823296038
   STAT1:      0.030524711338964648
   MAP3K3:     0.030524711338964648
   ARHGEF1:    0.034057369000872834
   GRB10:      0.038466345904269415
   CASP1:      0.03972440213626151
   SHC1:       0.04214138082731503
   TRAF1:      0.04214138082731503
   RALA:       0.04305596806105196

LSCC AMPLIFICATION: 11 significant entries
   JAK1:       0.000644687542324937
   RALB:       0.030182128872425933
   PRKCB:      0.03522434233793737
   PIK3R1:     0.039037419381604384
   JAK2:       0.039037419381604384
   CBLC:       0.039037419381604384
   SH3KBP1:    0.039037419381604384
   RPS6KB1:    0.039037419381604384
   MAP4K1:     0.039037419381604384
   INPP5D:     0.039037419381604384
   STAMBP:     0.039673929104193185

LUAD AMPLIFICATION: 19 significant entries
   GPLD1:      0.0013398978135882647
   PRKCB:      0.0025311129091455495
   CBL:        0.0031157656100514685
   PIK3R1:     0.003442033383935271
   TNK2:       0.003615401904798497
   CSK:        0.005407338893617092
   GRB2:       0.005407338893617092
   STAT5A:     0.006202003291339828
   SH3KBP1:    0.008265433084018621
   MAP4K1:     0.008265433084018621
   STAT5B:     0.008265433084018621
   CRKL:       0.009054125182629286
   VAV3:       0.011451676422833096
   JAK2:       0.01840946065289907
   PXN:        0.02526215125079215
   RALA:       0.03637764775508286
   BASP1:      0.0394771558669716
   FCSK:       0.0394771558669716
   CASP1:      0.04285793030750662

LUAD MISSENSE: 14 significant entries
   GPLD1:      0.0029921397353631666
   FCSK:       0.0029921397353631666
   RPS6KA1:    0.0029921397353631666
   CRISPLD2:   0.0029921397353631666
   MAPK8:      0.0030741230318709414
   MTOR:       0.0031073161649644828
   CBL:        0.006787018435391054
   RPS6KA3:    0.008138790120751025
   MAPK14:     0.025019635721541693
   PTK2:       0.025019635721541693
   PDPK1:      0.031798432859048494
   GRB2:       0.032252819357338494
   CBLB:       0.03972491406205814
   SHC1:       0.03972491406205814

