CCRCC AMPLIFICATION: 1 significant entries
   RALA:       0.00022096578462716312

COAD AMPLIFICATION: 8 significant entries
   RALA:       0.0019531469030575543
   CSK:        0.0026575248204349783
   MAP2K1:     0.021635379940003786
   PLCG1:      0.025057507572600352
   LSP1:       0.041418225292489105
   LPXN:       0.041418225292489105
   ATXN2:      0.041418225292489105
   IQGAP1:     0.04943376847707997

GBM AMPLIFICATION: 2 significant entries
   STAT5B:     0.000934959072200794
   USP6NL:     0.031019812655922626

HNSCC AMPLIFICATION: 29 significant entries
   MAP4K1:     6.456553112670901e-05
   PRKCB:      6.456553112670901e-05
   VAV1:       0.0002139375474262755
   INPP5D:     0.0002139375474262755
   DOK2:       0.00022959322807701717
   JAK1:       0.0005171849745593426
   GRB2:       0.0006883825255434134
   CBL:        0.0016045915910634593
   CSK:        0.0033277331943418866
   LSP1:       0.0033277331943418866
   IQSEC1:     0.00504557505946986
   LPXN:       0.00504557505946986
   VAV3:       0.005185679895389042
   PCNA:       0.005906728740471803
   MAPK3:      0.005906728740471803
   STAT5A:     0.006315870395679929
   EPS15:      0.008139381541598182
   PTK2B:      0.010118588375845004
   PIK3R1:     0.0159134777037891
   PAK1:       0.017583365680493238
   PRKCD:      0.024192090620013693
   ARHGEF1:    0.03125133133234388
   MAP3K3:     0.03125133133234388
   STAT1:      0.03311136563657813
   CASP1:      0.04039531800206287
   RALA:       0.042975440756953205
   SHC1:       0.042975440756953205
   GRB10:      0.042975440756953205
   TRAF1:      0.04441582688523531

LSCC AMPLIFICATION: 11 significant entries
   JAK1:       0.0006446871035502332
   RALB:       0.0301821699566297
   PRKCB:      0.035224341467556326
   CBLC:       0.039037395711770596
   RPS6KB1:    0.039037395711770596
   JAK2:       0.039037395711770596
   MAP4K1:     0.039037395711770596
   PIK3R1:     0.039037395711770596
   SH3KBP1:    0.039037395711770596
   INPP5D:     0.039037395711770596
   STAMBP:     0.03967390526531513

LUAD AMPLIFICATION: 20 significant entries
   GPLD1:      0.0015351721560354459
   PRKCB:      0.001734958744856542
   PIK3R1:     0.0026463156348158325
   CBL:        0.0026463156348158325
   TNK2:       0.003595234762539237
   CSK:        0.004185240732086935
   STAT5A:     0.005174601582086203
   GRB2:       0.005711632282158751
   STAT5B:     0.005911761049090234
   SH3KBP1:    0.005911761049090234
   MAP4K1:     0.006963532569885358
   CRKL:       0.008196490904168966
   VAV3:       0.009047723736842568
   JAK2:       0.013430165060454064
   PXN:        0.023488462438338718
   CASP1:      0.03858133108594748
   RALA:       0.03858133108594748
   BASP1:      0.04297057449451157
   FCSK:       0.043568824615566645
   INPP5D:     0.043568824615566645

LUAD MISSENSE: 12 significant entries
   FCSK:       0.0032814261388938084
   GPLD1:      0.0032814261388938084
   RPS6KA1:    0.0032814261388938084
   MAPK8:      0.0032814261388938084
   MTOR:       0.004254890734286632
   CRISPLD2:   0.005345824792819027
   CBL:        0.006775817360133516
   RPS6KA3:    0.01352506587282029
   MAPK14:     0.024998622110162853
   PTK2:       0.025644386166128057
   GRB10:      0.047519298063815794
   GRB2:       0.047519298063815794

