CCRCC AMPLIFICATION: 5 significant entries
   BRAF:       1.9006407048452424e-06
   RALA:       9.744556090525581e-05
   RAC1:       0.00013841635242042177
   JAK1:       0.00018892052762846284
   PTPN12:     0.0029538788769520145

COAD AMPLIFICATION: 10 significant entries
   RAC1:       0.004065014993304887
   RALA:       0.004065014993304887
   MAPK8:      0.008085348261993645
   MAP2K1:     0.02591844734213117
   CRK:        0.02591844734213117
   NEDD4:      0.02591844734213117
   FOXO4:      0.03387998948259811
   KRAS:       0.03948779319090032
   ARF6:       0.03948779319090032
   SBDSP1:     0.03948779319090032

GBM AMPLIFICATION: 12 significant entries
   ABI1:       0.0014387728939882615
   DISP1:      0.0014387728939882615
   GAB2:       0.0014387728939882615
   SBDSP1:     0.0014387728939882615
   STAM:       0.008453527392986642
   RALA:       0.016083804674205518
   CBLB:       0.022680958304698087
   PTEN:       0.026452886800094947
   MAP3K3:     0.02870372452214614
   FOXO4:      0.02870372452214614
   RICTOR:     0.03639361694092046
   USP6NL:     0.0413295384122918

HNSCC AMPLIFICATION: 17 significant entries
   JAK2:       0.0058151686693902116
   BFSP1:      0.010106022138343967
   UFSP1:      0.012366803029550278
   GMPSP1:     0.012366803029550278
   GRB10:      0.012366803029550278
   CASP1:      0.012366803029550278
   ETNK2:      0.013656183757353819
   EPS15:      0.014080535503972017
   DOK2:       0.014080535503972017
   VAV1:       0.014080535503972017
   PAK1:       0.014632089423178736
   JAK1:       0.02056518423450339
   PTPN11:     0.023955159782462182
   RAP1A:      0.02886356969593014
   TASP1:      0.04055077204094179
   SYNJ1:      0.04297050361365562
   STAT1:      0.04297050361365562

LSCC AMPLIFICATION: 9 significant entries
   ETNK2:      0.020370254088812535
   MAP4K1:     0.024928710370433434
   JAK1:       0.024928710370433434
   MEF2C:      0.024928710370433434
   PRKCB:      0.024928710370433434
   RAP1A:      0.024928710370433434
   INPP5D:     0.02681584155137562
   EPS15:      0.02681584155137562
   LPXN:       0.040618440636960865

LUAD AMPLIFICATION: 2 significant entries
   UFSP1:      0.0020639747582390905
   RAC1:       0.0036394102040985333

LUAD MISSENSE: 7 significant entries
   RPS6KA1:    0.0017928789822489201
   GAB1:       0.0017928789822489201
   BRAF:       0.023841883551290965
   RPS6KA3:    0.027915848963168878
   CARHSP1:    0.027915848963168878
   PDPK1:      0.027915848963168878
   AKT1:       0.038572305110502254

