CCRCC AMPLIFICATION: 5 significant entries
   BRAF:       1.9006624265671946e-06
   RALA:       9.74446991782844e-05
   RAC1:       0.00013841560384847258
   JAK1:       0.00018892226663928422
   PTPN12:     0.002953885192079578

COAD AMPLIFICATION: 8 significant entries
   RAC1:       0.005904803286239957
   MAP2K1:     0.011930790379470367
   MAPK8:      0.011930790379470367
   CRK:        0.011930790379470367
   RALA:       0.011930790379470367
   FOXO4:      0.017994088248811633
   NEDD4:      0.017994088248811633
   ARF6:       0.02548118833942639

GBM AMPLIFICATION: 17 significant entries
   ABI1:       9.02114944530118e-05
   SBDSP1:     0.0008503423471772382
   STAM:       0.0013098997897609472
   DISP1:      0.0013360158387786761
   GAB2:       0.0013360158387786761
   PTEN:       0.0020206755879933094
   CBLB:       0.009393579412514159
   MAP3K3:     0.009393579412514159
   JAK1:       0.010076322671026396
   LPXN:       0.011641767133420909
   REPS2:      0.012749265729640287
   FOXO4:      0.012749265729640287
   RICTOR:     0.012749265729640287
   RALA:       0.013791694962473646
   ROCK1:      0.030832784425462407
   BRAF:       0.03528082079274438
   USP6NL:     0.049482992541437835

GBM MISSENSE: 1 significant entries
   SBDSP1:     0.00643187640422505

HNSCC AMPLIFICATION: 17 significant entries
   JAK2:       0.004687028569565319
   UFSP1:      0.011031242869662582
   BFSP1:      0.011031242869662582
   ETNK2:      0.011031242869662582
   CASP1:      0.011031242869662582
   GMPSP1:     0.011031242869662582
   GRB10:      0.011031242869662582
   DOK2:       0.015911876908733705
   VAV1:       0.015911876908733705
   EPS15:      0.0162025800515208
   PAK1:       0.0162025800515208
   JAK1:       0.017692885557192808
   PTPN11:     0.021187102013043174
   RAP1A:      0.02493408643191297
   TASP1:      0.04021179218555368
   STAT1:      0.043894800509977024
   SYNJ1:      0.047376037052194904

LSCC AMPLIFICATION: 9 significant entries
   ETNK2:      0.02037026732307355
   MAP4K1:     0.02492858527929439
   JAK1:       0.02492858527929439
   MEF2C:      0.02492858527929439
   PRKCB:      0.02492858527929439
   RAP1A:      0.02492858527929439
   INPP5D:     0.026815734910053613
   EPS15:      0.026815734910053613
   LPXN:       0.04061849324836381

LUAD AMPLIFICATION: 2 significant entries
   UFSP1:      0.00286304588852295
   RAC1:       0.004873265081410708

LUAD MISSENSE: 6 significant entries
   RPS6KA1:    0.0004602267866564946
   GAB1:       0.0011595106690495429
   BRAF:       0.006322297043321274
   RPS6KA3:    0.016834962972086163
   PDPK1:      0.017861908316962202
   CARHSP1:    0.047663256795054565

