COAD MISSENSE: 0 significant entries

LSCC AMPLIFICATION: 0 significant entries

LUAD MISSENSE: 12 significant entries
   MKNK1_S168S173:0.007111535115260373
   MAP3K7_S389:0.007111535115260373
   MAP4K4_T927:0.007111535115260373
   NFKB2_S222: 0.007111535115260373
   SOS1_S1151S1152:0.007111535115260373
   MKNK2_S220: 0.01222118257553086
   TRAF6_S507: 0.01222118257553086
   SOS1_S1146: 0.013668429504172063
   FLNB_S316:  0.020295976345843698
   FLNB_S1536: 0.023219373497105508
   PRKCD_S664: 0.028045439788404514
   FLNB_S983:  0.04533541342649226

OV AMPLIFICATION: 0 significant entries

UCEC MISSENSE: 8 significant entries
   RAF1_T310:  0.002447078410710782
   PAK2_T143:  0.002447078410710782
   MKNK2_S220: 0.002447078410710782
   STK3_S385:  0.04545686529281142
   TAB1_S378:  0.04545686529281142
   SOS1_S1214: 0.04545686529281142
   BRAF_T753:  0.04545686529281142
   MAP3K5_S1004:0.04880756961075549

PDAC MISSENSE: 0 significant entries

