COAD MISSENSE: 0 significant entries

LSCC AMPLIFICATION: 0 significant entries

LUAD MISSENSE: 10 significant entries
   TRAF6_S507: 0.006141299836704309
   MAP3K7_S389:0.006141299836704309
   NFKB2_S222: 0.006141299836704309
   SOS1_S1151S1152:0.006141299836704309
   MAP4K4_T927:0.006141299836704309
   MKNK1_S168S173:0.009660815729637298
   SOS1_S1146: 0.011790163016635649
   PRKCD_S664: 0.011790163016635649
   MKNK2_S220: 0.011790163016635649
   FLNB_T2585: 0.034456415380001125

OV AMPLIFICATION: 0 significant entries

UCEC MISSENSE: 6 significant entries
   MKNK2_S220: 0.0024497328939819367
   PAK2_T143:  0.0024497328939819367
   RAF1_T310:  0.0024497328939819367
   SOS1_S1214: 0.03601705741788522
   STK3_S385:  0.03601705741788522
   TAB1_S378:  0.04079560760233418

PDAC MISSENSE: 19 significant entries
   MEF2C_S396: 0.008510359782669693
   STK4_S410:  0.008510359782669693
   PRKACB_S34: 0.008510359782669693
   FLNA_S1084: 0.012708380874493039
   FLNA_S2319: 0.02515306212503028
   FLNA_S966:  0.029230912825749855
   FLNB_T2585: 0.029230912825749855
   FLNB_S2134S2138:0.029230912825749855
   TRAF1_S66:  0.029230912825749855
   MAP3K5_S958:0.029230912825749855
   MAPK8IP3_S585:0.04000734598690101
   NFATC1_S248:0.04000734598690101
   MAP3K6_S964:0.04000734598690101
   MKNK2_S220: 0.04000734598690101
   ARAF_S269S274:0.04000734598690101
   MAPK11_S271:0.0417922205377398
   STK4_S414:  0.0417922205377398
   MAP4K4_S923:0.0417922205377398
   MAP3K8_S141:0.0417922205377398

