COAD MISSENSE: 0 significant entries

LSCC AMPLIFICATION: 2 significant entries
   PRKACB:     0.010438197307301887
   STAB1:      0.03879316529367108

LUAD MISSENSE: 0 significant entries

OV AMPLIFICATION: 0 significant entries

UCEC MISSENSE: 1 significant entries
   MAP3K6:     0.03569807410292546

PDAC MISSENSE: 18 significant entries
   MAP4K1:     0.0015931662444507875
   ARRB1:      0.0015931662444507875
   TGFB2:      0.002079667262853149
   RASA1:      0.0031660969528117824
   FLNB:       0.012132582104193726
   STK4:       0.012132582104193726
   MEF2C:      0.012132582104193726
   NTRK2:      0.017857775608177865
   SOS2:       0.017857775608177865
   FLNA:       0.017914680030772418
   SARAF:      0.020682296750166848
   RAC3:       0.02129690739877963
   PFAS:       0.022393996091860685
   RPS6KA5:    0.022761789944570364
   PPP3CB:     0.04395577255095798
   HSPA1L:     0.04395577255095798
   RASGRP2:    0.04395577255095798
   CACNA2D1:   0.04395577255095798

