COAD MISSENSE: 0 significant entries

LSCC AMPLIFICATION: 0 significant entries

LUAD MISSENSE: 2 significant entries
   CHUK:       0.03788957367874358
   PPP3CB:     0.03788957367874358

OV AMPLIFICATION: 0 significant entries

UCEC MISSENSE: 3 significant entries
   DUSP6:      0.0004782253611244341
   FAS:        0.04263376683034268
   PFAS:       0.04553167680448959

PDAC MISSENSE: 6 significant entries
   BATF2:      0.0010398844556657857
   ARRB2:      0.0023454498050028364
   RAC3:       0.009431999078817546
   GRB2:       0.009431999078817546
   STMN1:      0.009431999078817546
   MAPK11:     0.01981794016307948

