COAD MISSENSE: 0 significant entries

LSCC AMPLIFICATION: 0 significant entries

LUAD MISSENSE: 1 significant entries
   CHUK:       0.005134379569491406

OV AMPLIFICATION: 0 significant entries

UCEC MISSENSE: 1 significant entries
   DUSP6:      0.0004725482191454304

PDAC MISSENSE: 47 significant entries
   NTRK2:      1.3878125913961517e-08
   LRRK2:      6.025022983329299e-05
   ARRB2:      0.00039375006709893763
   RAC1:       0.00039375006709893763
   FGFR1:      0.00048625260810372016
   RPS6KA5:    0.0011983317765386773
   NFATC1:     0.0028869293841047305
   MKNK1:      0.0037877741437040814
   TAOK1:      0.0039008449166190837
   DUSP6:      0.004615248483964104
   MAP4K1:     0.004615248483964104
   CACNB3:     0.004615248483964104
   RRAS:       0.004815266932000767
   PPP3CA:     0.004897839398886723
   RASA1:      0.0055326163603254775
   MYC:        0.0055326163603254775
   DUSP3:      0.0055326163603254775
   MEF2C:      0.0055326163603254775
   CACNA2D2:   0.005601383147581411
   TRAF1:      0.006284480670639663
   NF1:        0.011101912938936635
   STK3:       0.011138477621121298
   FLNB:       0.011138477621121298
   MAPK14:     0.011138477621121298
   FGF1:       0.012633307033622414
   RASGRP3:    0.01335585450460781
   PTPN7:      0.024343138654296426
   SERPINF1:   0.029073319187251666
   MAP4K4:     0.030661448890915276
   MAPK10:     0.033011098486739006
   ARRB1:      0.038360146751202744
   MAPK3:      0.04304188737722925
   CDC42:      0.04304188737722925
   NFATC3:     0.043412999914150215
   CACNA2D1:   0.043412999914150215
   RASGRP2:    0.043686028429471134
   ATF2:       0.043686028429471134
   PAK1:       0.043686028429471134
   PAK2:       0.04601593139005242
   RPS6KA4:    0.04767623790900429
   STAB1:      0.04767623790900429
   TGFB3:      0.04767623790900429
   JUND:       0.0479621600795482
   PPP5C:      0.0479621600795482
   PPP3CC:     0.04820942450390627
   MAPK13:     0.04875617988002978
   MAP3K8:     0.04975773435673157

