GBM DELETION: 9 significant entries
   CHUK:       0.0050768640932958515
   GRB2:       0.0068801561769838
   PPP2R2D:    0.0068801561769838
   MAPK3:      0.0068801561769838
   EGFR:       0.0068801561769838
   SOS2:       0.011474823674968302
   VEGFA:      0.03881570210690375
   SGK2:       0.03881570210690375
   GYS1:       0.03881570210690375

LSCC DELETION: 18 significant entries
   ITGA4:      0.001531512260866414
   IKBKG:      0.001531512260866414
   JAK1:       0.006500402967972833
   GNG2:       0.006500402967972833
   PPP2R5D:    0.006500402967972833
   PIK3CD:     0.006500402967972833
   RBL2:       0.006500402967972833
   TLR2:       0.006500402967972833
   NFKB1:      0.008849153581120007
   GSK3B:      0.010945826522816157
   GNG7:       0.01172183917452622
   PFN1:       0.01172183917452622
   CDK2:       0.012244783699754881
   ITGB7:      0.024618688067341268
   IFNAR1:     0.024618688067341268
   CDK4:       0.024618688067341268
   IL3RA:      0.04117652010315018
   RPS6:       0.04167154803910585

OV DELETION: 0 significant entries

UCEC TRUNCATION: 3 significant entries
   MFN1:       0.010996351962520986
   BCL2L1:     0.010996351962520986
   CDK2:       0.04526817410979009

UCEC MISSENSE: 0 significant entries

