GBM DELETION: 8 significant entries
   PPP2R2D:    5.4302840543124763e-05
   CHUK:       5.4302840543124763e-05
   CHAD:       0.00014715952817575024
   MAPK3:      0.0008703192548720592
   SGK2:       0.00613034556847327
   EFNA1:      0.024061644187309078
   PIK3R6:     0.025368879055323434
   GNB2:       0.04992389497461369

LSCC DELETION: 25 significant entries
   ITGB7:      0.00231872758707056
   ITGA4:      0.00231872758707056
   PIK3CD:     0.00231872758707056
   PIK3R6:     0.00231872758707056
   CHUK:       0.00231872758707056
   GNG7:       0.005833395492094641
   CSF1R:      0.005833395492094641
   JAK3:       0.007247742378858921
   PPP2R2D:    0.007819429149288204
   PIK3R5:     0.008378840300662117
   IL2RG:      0.009660024192454522
   NFKB1:      0.009732265475557458
   TLR2:       0.01027036675621683
   CSF1:       0.013121628114954148
   BRCA1:      0.021024849631769562
   PPP2R5B:    0.026432561929025128
   CD19:       0.027247644934425788
   JAK1:       0.028286047402035636
   CCNE2:      0.029518017648072416
   CDK2:       0.02989886366872097
   RPS6KB2:    0.03511588932133238
   TRAF1:      0.03511588932133238
   IL6R:       0.03982272359231758
   IL3RA:      0.039993505357008415
   ITGA9:      0.04067579436468533

OV DELETION: 0 significant entries

UCEC TRUNCATION: 23 significant entries
   PIK3CA:     0.0004051272673170353
   RPTOR:      0.0022905111701720876
   CHRAC1:     0.0022905111701720876
   LRFN1:      0.002766779095084352
   LAMA5:      0.0038542558856931625
   HSP90AB1:   0.01032890356864161
   SOS1:       0.011059188129782356
   PPP2R1B:    0.012451039746008228
   CREB1:      0.012451039746008228
   GSK3B:      0.012451039746008228
   CDKN1A:     0.012451039746008228
   LAMA1:      0.014033604345375077
   PKN1:       0.014448731785266573
   NRAS:       0.014448731785266573
   EIF4E:      0.014448731785266573
   MAPK1:      0.014448731785266573
   AKT2:       0.019418768591484902
   PIK3R1:     0.019418768591484902
   THBS3:      0.020830654075583405
   MYC:        0.030497024526992544
   COL6A5:     0.030497024526992544
   ATF6B:      0.030497024526992544
   MFN1:       0.04896970042316159

UCEC MISSENSE: 0 significant entries

